<CoordinateSystem> { Z-up } 
  <Group> money5 {
    <Transform> {
      <Matrix4> {
        -0.8798478245735168 -0.015431709587574005 -0.47500476241111755 0.0 
        0.18318593502044678 -0.933255136013031 -0.3089948296546936 0.0 
        -0.4385323226451874 -0.3588826060295105 0.8239493370056152 0.0 
        -0.3760843575000763 -1.644281268119812 0.8432587385177612 1.0 
      }
    }
    
  }
  <Group> money4 {
    <Transform> {
      <Matrix4> {
        0.18741893768310547 -0.8732814788818359 -0.4497261047363281 0.0 
        0.9294335246086121 0.30580615997314453 -0.20648439228534698 0.0 
        0.31784799695014954 -0.3792914152145386 0.8689709305763245 0.0 
        -0.22386053204536438 -1.5857278108596802 0.8313922882080078 1.0 
      }
    }
    
  }
  <Group> money3 {
    <Transform> {
      <Matrix4> {
        -0.6974551677703857 -0.5465610027313232 0.46349477767944336 0.0 
        0.6520605087280273 -0.7523084282875061 0.09406910091638565 0.0 
        0.2972765266895294 0.3678356409072876 0.8810922503471375 0.0 
        -0.30916261672973633 -1.3871989250183105 0.8313922882080078 1.0 
      }
    }
    
  }
  <Group> money2 {
    <Transform> {
      <Matrix4> {
        0.5754356980323792 -0.817846953868866 0.0 0.0 
        0.817846953868866 0.5754356980323792 0.0 0.0 
        0.0 0.0 1.0 0.0 
        -0.40810301899909973 -1.472639799118042 0.8058672547340393 1.0 
      }
    }
    
  }
  <Group> money1 {
    <Transform> {
      <Matrix4> {
        0.4914894998073578 0.8708835244178772 0.0 0.0 
        -0.8708835244178772 0.4914894998073578 0.0 0.0 
        0.0 0.0 1.0 0.0 
        -0.47431203722953796 -1.303269863128662 0.7521858215332031 1.0 
      }
    }
    
  }
  <Group> money0 {
    <Transform> {
      <Matrix4> {
        0.983389139175415 0.18150979280471802 0.0 0.0 
        -0.18150979280471802 0.983389139175415 0.0 0.0 
        0.0 0.0 1.0 0.0 
        -0.24718603491783142 -1.574068546295166 0.7521858215332031 1.0 
      }
    }
    
  }
