<CoordinateSystem> { Z-up } 
  <Group> money.024 {
    <Transform> {
      <Matrix4> {
        -0.9978684186935425 -0.06419277936220169 0.011742737144231796 0.0 
        0.06428555399179459 -0.9979018568992615 0.007700756192207336 0.0 
        0.011223766021430492 0.008439229801297188 0.9999014139175415 0.0 
        0.03310514986515045 1.469581961631775 0.4625634551048279 1.0 
      }
    }
    
  }
  <Group> money.023 {
    <Transform> {
      <Matrix4> {
        -0.7273482084274292 0.6861680746078491 0.011742737144231796 0.0 
        -0.6861292719841003 -0.7274388670921326 0.007700756192207336 0.0 
        0.013826136477291584 -0.0024559046141803265 0.9999014139175415 0.0 
        0.03310514986515045 1.469581961631775 0.42285028100013733 1.0 
      }
    }
    
  }
  <Group> money.022 {
    <Transform> {
      <Matrix4> {
        0.9693366885185242 0.24471452832221985 -0.022385891526937485 0.0 
        -0.24501226842403412 0.9554741382598877 -0.16443286836147308 0.0 
        -0.018849970772862434 0.16487562656402588 0.9861342310905457 0.0 
        0.03310514986515045 1.469581961631775 0.3687508702278137 1.0 
      }
    }
    
  }
  <Group> money.021 {
    <Transform> {
      <Matrix4> {
        0.8174842000007629 -0.5755158066749573 -0.022385891526937485 0.0 
        0.5648097395896912 0.8086729049682617 -0.16443286836147308 0.0 
        0.11273656785488129 0.1217775046825409 0.9861342310905457 0.0 
        0.03310514986515045 1.469581961631775 0.3348861634731293 1.0 
      }
    }
    
  }
  <Group> money.020 {
    <Transform> {
      <Matrix4> {
        0.7893034815788269 -0.35682186484336853 0.49967801570892334 0.0 
        0.4299875497817993 0.9021567106246948 -0.03498543053865433 0.0 
        -0.4383043050765991 0.24246945977210999 0.8655043840408325 0.0 
        -0.21141192317008972 1.5182762145996094 0.2493153065443039 1.0 
      }
    }
    
  }
  <Group> money.019 {
    <Transform> {
      <Matrix4> {
        0.8570818901062012 -0.20183847844600677 -0.4739956557750702 0.0 
        0.18493427336215973 0.9792736172676086 -0.08259838819503784 0.0 
        0.4808429777622223 -0.016864458099007607 0.8766445517539978 0.0 
        0.2730347514152527 1.4540752172470093 0.22011488676071167 1.0 
      }
    }
    
  }
  <Group> money.018 {
    <Transform> {
      <Matrix4> {
        0.6397637724876404 0.2341836839914322 -0.7320247888565063 0.0 
        -0.36092814803123474 0.9324361085891724 -0.017140701413154602 0.0 
        0.6785522699356079 0.2751743495464325 0.6810623407363892 0.0 
        0.2997972369194031 1.6808668375015259 0.16254884004592896 1.0 
      }
    }
    
  }
  <Group> money.017 {
    <Transform> {
      <Matrix4> {
        -0.270017147064209 0.6254841685295105 -0.7320247888565063 0.0 
        -0.9105139970779419 -0.41312286257743835 -0.017140701413154602 0.0 
        -0.313137412071228 0.6618905663490295 0.6810623407363892 0.0 
        -0.10712357610464096 1.8310929536819458 0.15678945183753967 1.0 
      }
    }
    
  }
  <Group> money.016 {
    <Transform> {
      <Matrix4> {
        -0.2562464475631714 0.9531700611114502 -0.1606380194425583 0.0 
        -0.9661017656326294 -0.25794610381126404 0.010543239302933216 0.0 
        -0.03138645365834236 0.1578943431377411 0.9869570732116699 0.0 
        0.018694285303354263 1.4156723022460938 0.2656899690628052 1.0 
      }
    }
    
  }
  <Group> money.015 {
    <Transform> {
      <Matrix4> {
        -0.9965154528617859 -0.042664408683776855 -0.07167040556669235 0.0 
        0.025695649906992912 -0.9745162725448608 0.22284021973609924 0.0 
        -0.07935132086277008 0.2202221155166626 0.9722168445587158 0.0 
        -0.05658583715558052 1.4940434694290161 0.19580626487731934 1.0 
      }
    }
    
  }
  <Group> money.014 {
    <Transform> {
      <Matrix4> {
        -0.5728573203086853 -0.5577431917190552 -0.600630521774292 0.0 
        0.6749258637428284 -0.7367759943008423 0.04045013710856438 0.0 
        -0.46509093046188354 -0.382208913564682 0.7985028028488159 0.0 
        -0.19096294045448303 1.263980507850647 0.13896217942237854 1.0 
      }
    }
    
  }
  <Group> money.013 {
    <Transform> {
      <Matrix4> {
        0.9231691956520081 -0.1289381980895996 -0.36212363839149475 0.0 
        0.15237031877040863 0.9876388311386108 0.03678087145090103 0.0 
        0.35290491580963135 -0.08913186192512512 0.9314041137695312 0.0 
        0.2773877680301666 1.314932942390442 0.1462358683347702 1.0 
      }
    }
    
  }
  <Group> money.012 {
    <Transform> {
      <Matrix4> {
        -0.7439759969711304 0.6682063341140747 0.0 0.0 
        -0.6682063341140747 -0.7439759969711304 0.0 0.0 
        0.0 0.0 1.0 0.0 
        0.2971649467945099 1.5941787958145142 0.10230372846126556 1.0 
      }
    }
    
  }
  <Group> money.011 {
    <Transform> {
      <Matrix4> {
        -0.006605740170925856 0.9999781847000122 0.0 0.0 
        -0.9999781847000122 -0.006605740170925856 0.0 0.0 
        0.0 0.0 1.0 0.0 
        0.09066145867109299 1.348671793937683 0.1417979598045349 1.0 
      }
    }
    
  }
  <Group> money.010 {
    <Transform> {
      <Matrix4> {
        -0.41555285453796387 0.9095690250396729 0.0 0.0 
        -0.9095690250396729 -0.41555285453796387 0.0 0.0 
        0.0 0.0 1.0 0.0 
        -0.19628793001174927 1.4707063436508179 0.13767564296722412 1.0 
      }
    }
    
  }
  <Group> money.009 {
    <Transform> {
      <Matrix4> {
        0.9006779193878174 0.01888878457248211 0.43407657742500305 0.0 
        -0.06861589103937149 0.9927013516426086 0.0991758182644844 0.0 
        -0.42903509736061096 -0.11911002546548843 0.8954002857208252 0.0 
        -0.02142319083213806 1.7083408832550049 0.16944602131843567 1.0 
      }
    }
    
  }
  <Group> money.008 {
    <Transform> {
      <Matrix4> {
        0.28337234258651733 0.9590099453926086 0.0 0.0 
        -0.9590099453926086 0.28337234258651733 0.0 0.0 
        0.0 0.0 1.0 0.0 
        -0.11497803777456284 1.3978604078292847 0.09244389086961746 1.0 
      }
    }
    
  }
  <Group> money.007 {
    <Transform> {
      <Matrix4> {
        0.5717889666557312 0.8204007744789124 0.0 0.0 
        -0.8204007744789124 0.5717889666557312 0.0 0.0 
        0.0 0.0 1.0 0.0 
        -0.2256534993648529 1.6017606258392334 0.09244389086961746 1.0 
      }
    }
    
  }
  <Group> money.006 {
    <Transform> {
      <Matrix4> {
        0.5717889666557312 0.8204007744789124 0.0 0.0 
        -0.8204007744789124 0.5717889666557312 0.0 0.0 
        0.0 0.0 1.0 0.0 
        0.13033151626586914 1.3438867330551147 0.08110003173351288 1.0 
      }
    }
    
  }
  <Group> money.005 {
    <Transform> {
      <Matrix4> {
        -0.3547886312007904 -0.9349465370178223 0.0 0.0 
        -0.0034917849116027355 0.0013250443153083324 0.9999930262565613 0.0 
        -0.9349400401115417 0.3547861576080322 -0.003734742756932974 0.0 
        0.11127376556396484 1.7439688444137573 0.1256600320339203 1.0 
      }
    }
    
  }
  <Group> money.004 {
    <Transform> {
      <Matrix4> {
        -0.7444391250610352 -0.6676903367042542 0.0 0.0 
        0.6676903367042542 -0.7444391250610352 0.0 0.0 
        0.0 0.0 1.0 0.0 
        -0.3555900752544403 1.4007236957550049 0.049857042729854584 1.0 
      }
    }
    
  }
  <Group> money.003 {
    <Transform> {
      <Matrix4> {
        -0.9976338744163513 0.06875031441450119 0.0 0.0 
        -0.06875031441450119 -0.9976338744163513 0.0 0.0 
        0.0 0.0 1.0 0.0 
        -0.17552617192268372 1.722995400428772 0.04985704645514488 1.0 
      }
    }
    
  }
  <Group> money.002 {
    <Transform> {
      <Matrix4> {
        0.29457610845565796 -0.9556280374526978 0.0 0.0 
        0.9556280374526978 0.29457610845565796 0.0 0.0 
        0.0 0.0 1.0 0.0 
        0.3062322437763214 1.445934772491455 0.04985704645514488 1.0 
      }
    }
    
  }
  <Group> money.001 {
    <Transform> {
      <Matrix4> {
        0.7526983618736267 0.6583655476570129 0.0 0.0 
        -0.6583655476570129 0.7526983618736267 0.0 0.0 
        0.0 0.0 1.0 0.0 
        -0.02326686680316925 1.3438867330551147 0.04306386411190033 1.0 
      }
    }
    
  }
  <Group> money {
    <Transform> {
      <Matrix4> {
        1.0 0.0 0.0 0.0 
        0.0 1.0 0.0 0.0 
        0.0 0.0 1.0 0.0 
        0.18794505298137665 1.1198129653930664 0.04955008253455162 1.0 
      }
    }
    
  }
